{
 "cells": [
  {
   "cell_type": "markdown",
   "id": "b8154750-fc4b-4cee-9d49-a3bfc4dcd26a",
   "metadata": {},
   "source": [
    "### Importación de librerias"
   ]
  },
  {
   "cell_type": "code",
   "execution_count": 437,
   "id": "1fc3ca01-6cca-427b-a2c8-08217df9df6f",
   "metadata": {},
   "outputs": [],
   "source": [
    "import numpy as np\n",
    "import pandas as pd\n",
    "import missingno as msno\n",
    "import matplotlib.pyplot as plt\n",
    "from scipy import stats\n",
    "from sklearn.preprocessing import MinMaxScaler\n",
    "from sklearn.model_selection import train_test_split\n",
    "from pycaret.classification import *"
   ]
  },
  {
   "cell_type": "markdown",
   "id": "ec012659-2a16-4713-9b9c-7a1acebc5b31",
   "metadata": {},
   "source": [
    "### Carga de datos"
   ]
  },
  {
   "cell_type": "code",
   "execution_count": 438,
   "id": "c5f81145-07a2-414e-8455-731632e51038",
   "metadata": {},
   "outputs": [],
   "source": [
    "df = pd.read_csv('train_titanic.csv')"
   ]
  },
  {
   "cell_type": "markdown",
   "id": "136ed2d2-593d-420d-a08e-a7de0ca00597",
   "metadata": {},
   "source": [
    "### Inspección inicial de los datos"
   ]
  },
  {
   "cell_type": "code",
   "execution_count": 439,
   "id": "678942e6-bd7a-48e8-ae6e-80900ae00bd7",
   "metadata": {},
   "outputs": [
    {
     "data": {
      "text/html": [
       "<div>\n",
       "<style scoped>\n",
       "    .dataframe tbody tr th:only-of-type {\n",
       "        vertical-align: middle;\n",
       "    }\n",
       "\n",
       "    .dataframe tbody tr th {\n",
       "        vertical-align: top;\n",
       "    }\n",
       "\n",
       "    .dataframe thead th {\n",
       "        text-align: right;\n",
       "    }\n",
       "</style>\n",
       "<table border=\"1\" class=\"dataframe\">\n",
       "  <thead>\n",
       "    <tr style=\"text-align: right;\">\n",
       "      <th></th>\n",
       "      <th>PassengerId</th>\n",
       "      <th>Survived</th>\n",
       "      <th>Pclass</th>\n",
       "      <th>Name</th>\n",
       "      <th>Sex</th>\n",
       "      <th>Age</th>\n",
       "      <th>SibSp</th>\n",
       "      <th>Parch</th>\n",
       "      <th>Ticket</th>\n",
       "      <th>Fare</th>\n",
       "      <th>Cabin</th>\n",
       "      <th>Embarked</th>\n",
       "    </tr>\n",
       "  </thead>\n",
       "  <tbody>\n",
       "    <tr>\n",
       "      <th>0</th>\n",
       "      <td>1</td>\n",
       "      <td>0</td>\n",
       "      <td>3</td>\n",
       "      <td>Braund, Mr. Owen Harris</td>\n",
       "      <td>male</td>\n",
       "      <td>22.0</td>\n",
       "      <td>1</td>\n",
       "      <td>0</td>\n",
       "      <td>A/5 21171</td>\n",
       "      <td>7.2500</td>\n",
       "      <td>NaN</td>\n",
       "      <td>S</td>\n",
       "    </tr>\n",
       "    <tr>\n",
       "      <th>1</th>\n",
       "      <td>2</td>\n",
       "      <td>1</td>\n",
       "      <td>1</td>\n",
       "      <td>Cumings, Mrs. John Bradley (Florence Briggs Th...</td>\n",
       "      <td>female</td>\n",
       "      <td>38.0</td>\n",
       "      <td>1</td>\n",
       "      <td>0</td>\n",
       "      <td>PC 17599</td>\n",
       "      <td>71.2833</td>\n",
       "      <td>C85</td>\n",
       "      <td>C</td>\n",
       "    </tr>\n",
       "    <tr>\n",
       "      <th>2</th>\n",
       "      <td>3</td>\n",
       "      <td>1</td>\n",
       "      <td>3</td>\n",
       "      <td>Heikkinen, Miss. Laina</td>\n",
       "      <td>female</td>\n",
       "      <td>26.0</td>\n",
       "      <td>0</td>\n",
       "      <td>0</td>\n",
       "      <td>STON/O2. 3101282</td>\n",
       "      <td>7.9250</td>\n",
       "      <td>NaN</td>\n",
       "      <td>S</td>\n",
       "    </tr>\n",
       "    <tr>\n",
       "      <th>3</th>\n",
       "      <td>4</td>\n",
       "      <td>1</td>\n",
       "      <td>1</td>\n",
       "      <td>Futrelle, Mrs. Jacques Heath (Lily May Peel)</td>\n",
       "      <td>female</td>\n",
       "      <td>35.0</td>\n",
       "      <td>1</td>\n",
       "      <td>0</td>\n",
       "      <td>113803</td>\n",
       "      <td>53.1000</td>\n",
       "      <td>C123</td>\n",
       "      <td>S</td>\n",
       "    </tr>\n",
       "    <tr>\n",
       "      <th>4</th>\n",
       "      <td>5</td>\n",
       "      <td>0</td>\n",
       "      <td>3</td>\n",
       "      <td>Allen, Mr. William Henry</td>\n",
       "      <td>male</td>\n",
       "      <td>35.0</td>\n",
       "      <td>0</td>\n",
       "      <td>0</td>\n",
       "      <td>373450</td>\n",
       "      <td>8.0500</td>\n",
       "      <td>NaN</td>\n",
       "      <td>S</td>\n",
       "    </tr>\n",
       "    <tr>\n",
       "      <th>5</th>\n",
       "      <td>6</td>\n",
       "      <td>0</td>\n",
       "      <td>3</td>\n",
       "      <td>Moran, Mr. James</td>\n",
       "      <td>male</td>\n",
       "      <td>NaN</td>\n",
       "      <td>0</td>\n",
       "      <td>0</td>\n",
       "      <td>330877</td>\n",
       "      <td>8.4583</td>\n",
       "      <td>NaN</td>\n",
       "      <td>Q</td>\n",
       "    </tr>\n",
       "    <tr>\n",
       "      <th>6</th>\n",
       "      <td>7</td>\n",
       "      <td>0</td>\n",
       "      <td>1</td>\n",
       "      <td>McCarthy, Mr. Timothy J</td>\n",
       "      <td>male</td>\n",
       "      <td>54.0</td>\n",
       "      <td>0</td>\n",
       "      <td>0</td>\n",
       "      <td>17463</td>\n",
       "      <td>51.8625</td>\n",
       "      <td>E46</td>\n",
       "      <td>S</td>\n",
       "    </tr>\n",
       "    <tr>\n",
       "      <th>7</th>\n",
       "      <td>8</td>\n",
       "      <td>0</td>\n",
       "      <td>3</td>\n",
       "      <td>Palsson, Master. Gosta Leonard</td>\n",
       "      <td>male</td>\n",
       "      <td>2.0</td>\n",
       "      <td>3</td>\n",
       "      <td>1</td>\n",
       "      <td>349909</td>\n",
       "      <td>21.0750</td>\n",
       "      <td>NaN</td>\n",
       "      <td>S</td>\n",
       "    </tr>\n",
       "    <tr>\n",
       "      <th>8</th>\n",
       "      <td>9</td>\n",
       "      <td>1</td>\n",
       "      <td>3</td>\n",
       "      <td>Johnson, Mrs. Oscar W (Elisabeth Vilhelmina Berg)</td>\n",
       "      <td>female</td>\n",
       "      <td>27.0</td>\n",
       "      <td>0</td>\n",
       "      <td>2</td>\n",
       "      <td>347742</td>\n",
       "      <td>11.1333</td>\n",
       "      <td>NaN</td>\n",
       "      <td>S</td>\n",
       "    </tr>\n",
       "    <tr>\n",
       "      <th>9</th>\n",
       "      <td>10</td>\n",
       "      <td>1</td>\n",
       "      <td>2</td>\n",
       "      <td>Nasser, Mrs. Nicholas (Adele Achem)</td>\n",
       "      <td>female</td>\n",
       "      <td>14.0</td>\n",
       "      <td>1</td>\n",
       "      <td>0</td>\n",
       "      <td>237736</td>\n",
       "      <td>30.0708</td>\n",
       "      <td>NaN</td>\n",
       "      <td>C</td>\n",
       "    </tr>\n",
       "  </tbody>\n",
       "</table>\n",
       "</div>"
      ],
      "text/plain": [
       "   PassengerId  Survived  Pclass  \\\n",
       "0            1         0       3   \n",
       "1            2         1       1   \n",
       "2            3         1       3   \n",
       "3            4         1       1   \n",
       "4            5         0       3   \n",
       "5            6         0       3   \n",
       "6            7         0       1   \n",
       "7            8         0       3   \n",
       "8            9         1       3   \n",
       "9           10         1       2   \n",
       "\n",
       "                                                Name     Sex   Age  SibSp  \\\n",
       "0                            Braund, Mr. Owen Harris    male  22.0      1   \n",
       "1  Cumings, Mrs. John Bradley (Florence Briggs Th...  female  38.0      1   \n",
       "2                             Heikkinen, Miss. Laina  female  26.0      0   \n",
       "3       Futrelle, Mrs. Jacques Heath (Lily May Peel)  female  35.0      1   \n",
       "4                           Allen, Mr. William Henry    male  35.0      0   \n",
       "5                                   Moran, Mr. James    male   NaN      0   \n",
       "6                            McCarthy, Mr. Timothy J    male  54.0      0   \n",
       "7                     Palsson, Master. Gosta Leonard    male   2.0      3   \n",
       "8  Johnson, Mrs. Oscar W (Elisabeth Vilhelmina Berg)  female  27.0      0   \n",
       "9                Nasser, Mrs. Nicholas (Adele Achem)  female  14.0      1   \n",
       "\n",
       "   Parch            Ticket     Fare Cabin Embarked  \n",
       "0      0         A/5 21171   7.2500   NaN        S  \n",
       "1      0          PC 17599  71.2833   C85        C  \n",
       "2      0  STON/O2. 3101282   7.9250   NaN        S  \n",
       "3      0            113803  53.1000  C123        S  \n",
       "4      0            373450   8.0500   NaN        S  \n",
       "5      0            330877   8.4583   NaN        Q  \n",
       "6      0             17463  51.8625   E46        S  \n",
       "7      1            349909  21.0750   NaN        S  \n",
       "8      2            347742  11.1333   NaN        S  \n",
       "9      0            237736  30.0708   NaN        C  "
      ]
     },
     "execution_count": 439,
     "metadata": {},
     "output_type": "execute_result"
    }
   ],
   "source": [
    "df.head(10)"
   ]
  },
  {
   "cell_type": "code",
   "execution_count": 440,
   "id": "fe78e33a-cccb-4113-9037-312f7f01e123",
   "metadata": {},
   "outputs": [
    {
     "data": {
      "text/html": [
       "<div>\n",
       "<style scoped>\n",
       "    .dataframe tbody tr th:only-of-type {\n",
       "        vertical-align: middle;\n",
       "    }\n",
       "\n",
       "    .dataframe tbody tr th {\n",
       "        vertical-align: top;\n",
       "    }\n",
       "\n",
       "    .dataframe thead th {\n",
       "        text-align: right;\n",
       "    }\n",
       "</style>\n",
       "<table border=\"1\" class=\"dataframe\">\n",
       "  <thead>\n",
       "    <tr style=\"text-align: right;\">\n",
       "      <th></th>\n",
       "      <th>PassengerId</th>\n",
       "      <th>Survived</th>\n",
       "      <th>Pclass</th>\n",
       "      <th>Age</th>\n",
       "      <th>SibSp</th>\n",
       "      <th>Parch</th>\n",
       "      <th>Fare</th>\n",
       "    </tr>\n",
       "  </thead>\n",
       "  <tbody>\n",
       "    <tr>\n",
       "      <th>count</th>\n",
       "      <td>891.000000</td>\n",
       "      <td>891.000000</td>\n",
       "      <td>891.000000</td>\n",
       "      <td>714.000000</td>\n",
       "      <td>891.000000</td>\n",
       "      <td>891.000000</td>\n",
       "      <td>891.000000</td>\n",
       "    </tr>\n",
       "    <tr>\n",
       "      <th>mean</th>\n",
       "      <td>446.000000</td>\n",
       "      <td>0.383838</td>\n",
       "      <td>2.308642</td>\n",
       "      <td>29.699118</td>\n",
       "      <td>0.523008</td>\n",
       "      <td>0.381594</td>\n",
       "      <td>32.204208</td>\n",
       "    </tr>\n",
       "    <tr>\n",
       "      <th>std</th>\n",
       "      <td>257.353842</td>\n",
       "      <td>0.486592</td>\n",
       "      <td>0.836071</td>\n",
       "      <td>14.526497</td>\n",
       "      <td>1.102743</td>\n",
       "      <td>0.806057</td>\n",
       "      <td>49.693429</td>\n",
       "    </tr>\n",
       "    <tr>\n",
       "      <th>min</th>\n",
       "      <td>1.000000</td>\n",
       "      <td>0.000000</td>\n",
       "      <td>1.000000</td>\n",
       "      <td>0.420000</td>\n",
       "      <td>0.000000</td>\n",
       "      <td>0.000000</td>\n",
       "      <td>0.000000</td>\n",
       "    </tr>\n",
       "    <tr>\n",
       "      <th>25%</th>\n",
       "      <td>223.500000</td>\n",
       "      <td>0.000000</td>\n",
       "      <td>2.000000</td>\n",
       "      <td>20.125000</td>\n",
       "      <td>0.000000</td>\n",
       "      <td>0.000000</td>\n",
       "      <td>7.910400</td>\n",
       "    </tr>\n",
       "    <tr>\n",
       "      <th>50%</th>\n",
       "      <td>446.000000</td>\n",
       "      <td>0.000000</td>\n",
       "      <td>3.000000</td>\n",
       "      <td>28.000000</td>\n",
       "      <td>0.000000</td>\n",
       "      <td>0.000000</td>\n",
       "      <td>14.454200</td>\n",
       "    </tr>\n",
       "    <tr>\n",
       "      <th>75%</th>\n",
       "      <td>668.500000</td>\n",
       "      <td>1.000000</td>\n",
       "      <td>3.000000</td>\n",
       "      <td>38.000000</td>\n",
       "      <td>1.000000</td>\n",
       "      <td>0.000000</td>\n",
       "      <td>31.000000</td>\n",
       "    </tr>\n",
       "    <tr>\n",
       "      <th>max</th>\n",
       "      <td>891.000000</td>\n",
       "      <td>1.000000</td>\n",
       "      <td>3.000000</td>\n",
       "      <td>80.000000</td>\n",
       "      <td>8.000000</td>\n",
       "      <td>6.000000</td>\n",
       "      <td>512.329200</td>\n",
       "    </tr>\n",
       "  </tbody>\n",
       "</table>\n",
       "</div>"
      ],
      "text/plain": [
       "       PassengerId    Survived      Pclass         Age       SibSp  \\\n",
       "count   891.000000  891.000000  891.000000  714.000000  891.000000   \n",
       "mean    446.000000    0.383838    2.308642   29.699118    0.523008   \n",
       "std     257.353842    0.486592    0.836071   14.526497    1.102743   \n",
       "min       1.000000    0.000000    1.000000    0.420000    0.000000   \n",
       "25%     223.500000    0.000000    2.000000   20.125000    0.000000   \n",
       "50%     446.000000    0.000000    3.000000   28.000000    0.000000   \n",
       "75%     668.500000    1.000000    3.000000   38.000000    1.000000   \n",
       "max     891.000000    1.000000    3.000000   80.000000    8.000000   \n",
       "\n",
       "            Parch        Fare  \n",
       "count  891.000000  891.000000  \n",
       "mean     0.381594   32.204208  \n",
       "std      0.806057   49.693429  \n",
       "min      0.000000    0.000000  \n",
       "25%      0.000000    7.910400  \n",
       "50%      0.000000   14.454200  \n",
       "75%      0.000000   31.000000  \n",
       "max      6.000000  512.329200  "
      ]
     },
     "execution_count": 440,
     "metadata": {},
     "output_type": "execute_result"
    }
   ],
   "source": [
    "df.describe()"
   ]
  },
  {
   "cell_type": "code",
   "execution_count": 441,
   "id": "dd78de77-13da-45ca-8a1e-a688a476d95d",
   "metadata": {},
   "outputs": [
    {
     "name": "stdout",
     "output_type": "stream",
     "text": [
      "<class 'pandas.core.frame.DataFrame'>\n",
      "RangeIndex: 891 entries, 0 to 890\n",
      "Data columns (total 12 columns):\n",
      " #   Column       Non-Null Count  Dtype  \n",
      "---  ------       --------------  -----  \n",
      " 0   PassengerId  891 non-null    int64  \n",
      " 1   Survived     891 non-null    int64  \n",
      " 2   Pclass       891 non-null    int64  \n",
      " 3   Name         891 non-null    object \n",
      " 4   Sex          891 non-null    object \n",
      " 5   Age          714 non-null    float64\n",
      " 6   SibSp        891 non-null    int64  \n",
      " 7   Parch        891 non-null    int64  \n",
      " 8   Ticket       891 non-null    object \n",
      " 9   Fare         891 non-null    float64\n",
      " 10  Cabin        204 non-null    object \n",
      " 11  Embarked     889 non-null    object \n",
      "dtypes: float64(2), int64(5), object(5)\n",
      "memory usage: 83.7+ KB\n"
     ]
    }
   ],
   "source": [
    "df.info()"
   ]
  },
  {
   "cell_type": "code",
   "execution_count": 442,
   "id": "ba1fff2c-57d6-48df-b6b7-df8e910d7c68",
   "metadata": {},
   "outputs": [
    {
     "data": {
      "text/plain": [
       "(891, 12)"
      ]
     },
     "execution_count": 442,
     "metadata": {},
     "output_type": "execute_result"
    }
   ],
   "source": [
    "df.shape"
   ]
  },
  {
   "cell_type": "markdown",
   "id": "3e06643e-bd96-4991-bf91-aff665e34b29",
   "metadata": {},
   "source": [
    "El dataset incluye 10 posibles variables predictoras y la variable dependiente Survived, que indica si el pasajero sobrevivió o no al naufragio. Tiene 891 filas.  \n",
    "Las variables predictoras son:\n",
    "* **Pclass** : indica la clase en la que viaja el pasajero\n",
    "* **Name**: Nombre del pasajero\n",
    "* **Sex**: Género del pasajero\n",
    "* **Age**: Edad del pasajero\n",
    "* **SibSp**: Número de hermanos o cónyuges a bordo del Titanic\n",
    "* **Parch**: Número de padres o hijos a bordo del Titanic\n",
    "* **Ticket**: Número de Ticket\n",
    "* **Fare**: Tarifa pagada por el pasajero\n",
    "* **Cabin**: Cabina en la que se instala el pasajero\n",
    "* **Embarked**: Puerto en el que ha embarcado (C = Cherbourg, Q = Queenstown, S = Southampton)"
   ]
  },
  {
   "cell_type": "markdown",
   "id": "cc38bf02-efcd-4908-908a-288f8b4d0e62",
   "metadata": {},
   "source": [
    "### Eliminación de columnas  \n",
    "Eliminamos PassengerId, Name y Ticket por no tener valor predictivo. Eliminamos también Cabin, ya que más del 70% son Na."
   ]
  },
  {
   "cell_type": "code",
   "execution_count": 443,
   "id": "26356eb8-8f16-4278-a692-0090ccde330e",
   "metadata": {},
   "outputs": [],
   "source": [
    "df.drop(['PassengerId', 'Name', 'Ticket', 'Cabin'], axis=1, inplace=True)"
   ]
  },
  {
   "cell_type": "markdown",
   "id": "34cd3e55-a57c-4f32-b162-aea6ce16fe87",
   "metadata": {},
   "source": [
    "### Transformación de variable Sex  \n",
    "Asignando 1 para hombre y 0 para mujer"
   ]
  },
  {
   "cell_type": "code",
   "execution_count": 444,
   "id": "20477b5b-0d8c-44d1-bbb2-8ecb4d8dc3b8",
   "metadata": {},
   "outputs": [],
   "source": [
    "df['Sex'].replace({'male':1, 'female':0}, inplace=True)"
   ]
  },
  {
   "cell_type": "markdown",
   "id": "f795eaa4-37da-43a9-a984-6865a587102f",
   "metadata": {},
   "source": [
    "### Transformación de variable Embarked por One-Hot Encoding"
   ]
  },
  {
   "cell_type": "code",
   "execution_count": 445,
   "id": "48349b8f-45c8-4205-b4a1-2c7defc658e1",
   "metadata": {},
   "outputs": [],
   "source": [
    "df = pd.get_dummies(df, columns=['Embarked'], dtype=int)"
   ]
  },
  {
   "cell_type": "markdown",
   "id": "38dd1f3e-3c65-4186-863a-b259435938d4",
   "metadata": {},
   "source": [
    "### Analisis de correlación de variables numericas"
   ]
  },
  {
   "cell_type": "code",
   "execution_count": 446,
   "id": "827a6ab5-5216-4ee1-bd78-01b53617a647",
   "metadata": {},
   "outputs": [
    {
     "data": {
      "text/html": [
       "<div>\n",
       "<style scoped>\n",
       "    .dataframe tbody tr th:only-of-type {\n",
       "        vertical-align: middle;\n",
       "    }\n",
       "\n",
       "    .dataframe tbody tr th {\n",
       "        vertical-align: top;\n",
       "    }\n",
       "\n",
       "    .dataframe thead th {\n",
       "        text-align: right;\n",
       "    }\n",
       "</style>\n",
       "<table border=\"1\" class=\"dataframe\">\n",
       "  <thead>\n",
       "    <tr style=\"text-align: right;\">\n",
       "      <th></th>\n",
       "      <th>Survived</th>\n",
       "      <th>Pclass</th>\n",
       "      <th>Sex</th>\n",
       "      <th>Age</th>\n",
       "      <th>SibSp</th>\n",
       "      <th>Parch</th>\n",
       "      <th>Fare</th>\n",
       "      <th>Embarked_C</th>\n",
       "      <th>Embarked_Q</th>\n",
       "      <th>Embarked_S</th>\n",
       "    </tr>\n",
       "  </thead>\n",
       "  <tbody>\n",
       "    <tr>\n",
       "      <th>Survived</th>\n",
       "      <td>1.000000</td>\n",
       "      <td>-0.338481</td>\n",
       "      <td>-0.543351</td>\n",
       "      <td>-0.077221</td>\n",
       "      <td>-0.035322</td>\n",
       "      <td>0.081629</td>\n",
       "      <td>0.257307</td>\n",
       "      <td>0.168240</td>\n",
       "      <td>0.003650</td>\n",
       "      <td>-0.155660</td>\n",
       "    </tr>\n",
       "    <tr>\n",
       "      <th>Pclass</th>\n",
       "      <td>-0.338481</td>\n",
       "      <td>1.000000</td>\n",
       "      <td>0.131900</td>\n",
       "      <td>-0.369226</td>\n",
       "      <td>0.083081</td>\n",
       "      <td>0.018443</td>\n",
       "      <td>-0.549500</td>\n",
       "      <td>-0.243292</td>\n",
       "      <td>0.221009</td>\n",
       "      <td>0.081720</td>\n",
       "    </tr>\n",
       "    <tr>\n",
       "      <th>Sex</th>\n",
       "      <td>-0.543351</td>\n",
       "      <td>0.131900</td>\n",
       "      <td>1.000000</td>\n",
       "      <td>0.093254</td>\n",
       "      <td>-0.114631</td>\n",
       "      <td>-0.245489</td>\n",
       "      <td>-0.182333</td>\n",
       "      <td>-0.082853</td>\n",
       "      <td>-0.074115</td>\n",
       "      <td>0.125722</td>\n",
       "    </tr>\n",
       "    <tr>\n",
       "      <th>Age</th>\n",
       "      <td>-0.077221</td>\n",
       "      <td>-0.369226</td>\n",
       "      <td>0.093254</td>\n",
       "      <td>1.000000</td>\n",
       "      <td>-0.308247</td>\n",
       "      <td>-0.189119</td>\n",
       "      <td>0.096067</td>\n",
       "      <td>0.036261</td>\n",
       "      <td>-0.022405</td>\n",
       "      <td>-0.032523</td>\n",
       "    </tr>\n",
       "    <tr>\n",
       "      <th>SibSp</th>\n",
       "      <td>-0.035322</td>\n",
       "      <td>0.083081</td>\n",
       "      <td>-0.114631</td>\n",
       "      <td>-0.308247</td>\n",
       "      <td>1.000000</td>\n",
       "      <td>0.414838</td>\n",
       "      <td>0.159651</td>\n",
       "      <td>-0.059528</td>\n",
       "      <td>-0.026354</td>\n",
       "      <td>0.070941</td>\n",
       "    </tr>\n",
       "    <tr>\n",
       "      <th>Parch</th>\n",
       "      <td>0.081629</td>\n",
       "      <td>0.018443</td>\n",
       "      <td>-0.245489</td>\n",
       "      <td>-0.189119</td>\n",
       "      <td>0.414838</td>\n",
       "      <td>1.000000</td>\n",
       "      <td>0.216225</td>\n",
       "      <td>-0.011069</td>\n",
       "      <td>-0.081228</td>\n",
       "      <td>0.063036</td>\n",
       "    </tr>\n",
       "    <tr>\n",
       "      <th>Fare</th>\n",
       "      <td>0.257307</td>\n",
       "      <td>-0.549500</td>\n",
       "      <td>-0.182333</td>\n",
       "      <td>0.096067</td>\n",
       "      <td>0.159651</td>\n",
       "      <td>0.216225</td>\n",
       "      <td>1.000000</td>\n",
       "      <td>0.269335</td>\n",
       "      <td>-0.117216</td>\n",
       "      <td>-0.166603</td>\n",
       "    </tr>\n",
       "    <tr>\n",
       "      <th>Embarked_C</th>\n",
       "      <td>0.168240</td>\n",
       "      <td>-0.243292</td>\n",
       "      <td>-0.082853</td>\n",
       "      <td>0.036261</td>\n",
       "      <td>-0.059528</td>\n",
       "      <td>-0.011069</td>\n",
       "      <td>0.269335</td>\n",
       "      <td>1.000000</td>\n",
       "      <td>-0.148258</td>\n",
       "      <td>-0.778359</td>\n",
       "    </tr>\n",
       "    <tr>\n",
       "      <th>Embarked_Q</th>\n",
       "      <td>0.003650</td>\n",
       "      <td>0.221009</td>\n",
       "      <td>-0.074115</td>\n",
       "      <td>-0.022405</td>\n",
       "      <td>-0.026354</td>\n",
       "      <td>-0.081228</td>\n",
       "      <td>-0.117216</td>\n",
       "      <td>-0.148258</td>\n",
       "      <td>1.000000</td>\n",
       "      <td>-0.496624</td>\n",
       "    </tr>\n",
       "    <tr>\n",
       "      <th>Embarked_S</th>\n",
       "      <td>-0.155660</td>\n",
       "      <td>0.081720</td>\n",
       "      <td>0.125722</td>\n",
       "      <td>-0.032523</td>\n",
       "      <td>0.070941</td>\n",
       "      <td>0.063036</td>\n",
       "      <td>-0.166603</td>\n",
       "      <td>-0.778359</td>\n",
       "      <td>-0.496624</td>\n",
       "      <td>1.000000</td>\n",
       "    </tr>\n",
       "  </tbody>\n",
       "</table>\n",
       "</div>"
      ],
      "text/plain": [
       "            Survived    Pclass       Sex       Age     SibSp     Parch  \\\n",
       "Survived    1.000000 -0.338481 -0.543351 -0.077221 -0.035322  0.081629   \n",
       "Pclass     -0.338481  1.000000  0.131900 -0.369226  0.083081  0.018443   \n",
       "Sex        -0.543351  0.131900  1.000000  0.093254 -0.114631 -0.245489   \n",
       "Age        -0.077221 -0.369226  0.093254  1.000000 -0.308247 -0.189119   \n",
       "SibSp      -0.035322  0.083081 -0.114631 -0.308247  1.000000  0.414838   \n",
       "Parch       0.081629  0.018443 -0.245489 -0.189119  0.414838  1.000000   \n",
       "Fare        0.257307 -0.549500 -0.182333  0.096067  0.159651  0.216225   \n",
       "Embarked_C  0.168240 -0.243292 -0.082853  0.036261 -0.059528 -0.011069   \n",
       "Embarked_Q  0.003650  0.221009 -0.074115 -0.022405 -0.026354 -0.081228   \n",
       "Embarked_S -0.155660  0.081720  0.125722 -0.032523  0.070941  0.063036   \n",
       "\n",
       "                Fare  Embarked_C  Embarked_Q  Embarked_S  \n",
       "Survived    0.257307    0.168240    0.003650   -0.155660  \n",
       "Pclass     -0.549500   -0.243292    0.221009    0.081720  \n",
       "Sex        -0.182333   -0.082853   -0.074115    0.125722  \n",
       "Age         0.096067    0.036261   -0.022405   -0.032523  \n",
       "SibSp       0.159651   -0.059528   -0.026354    0.070941  \n",
       "Parch       0.216225   -0.011069   -0.081228    0.063036  \n",
       "Fare        1.000000    0.269335   -0.117216   -0.166603  \n",
       "Embarked_C  0.269335    1.000000   -0.148258   -0.778359  \n",
       "Embarked_Q -0.117216   -0.148258    1.000000   -0.496624  \n",
       "Embarked_S -0.166603   -0.778359   -0.496624    1.000000  "
      ]
     },
     "execution_count": 446,
     "metadata": {},
     "output_type": "execute_result"
    }
   ],
   "source": [
    "df.corr()"
   ]
  },
  {
   "cell_type": "markdown",
   "id": "20c576b9-9254-4203-9e0f-bbc187dbbcd2",
   "metadata": {},
   "source": [
    "### Tratamiento de Nas en Age  \n",
    "Vemos si son MCAR viendo la correlación con otras variables.  \n",
    "Si son MCAR imputo la mediana."
   ]
  },
  {
   "cell_type": "code",
   "execution_count": 447,
   "id": "19e071df-4cae-4607-af77-375087caa2f8",
   "metadata": {},
   "outputs": [
    {
     "data": {
      "text/plain": [
       "Survived     -0.092197\n",
       "Pclass        0.172933\n",
       "Sex           0.055215\n",
       "Age                NaN\n",
       "SibSp         0.018958\n",
       "Parch        -0.124104\n",
       "Fare         -0.100707\n",
       "Embarked_C    0.033270\n",
       "Embarked_Q    0.337413\n",
       "Embarked_S   -0.238377\n",
       "Age_isnull    1.000000\n",
       "Name: Age_isnull, dtype: float64"
      ]
     },
     "execution_count": 447,
     "metadata": {},
     "output_type": "execute_result"
    }
   ],
   "source": [
    "df['Age_isnull'] = df['Age'].isnull().astype(int)\n",
    "df.corr()['Age_isnull'] #No parece haber relación de los Na de Age con otras variables, por lo que se presupone que son MCAR"
   ]
  },
  {
   "cell_type": "code",
   "execution_count": 448,
   "id": "4788bceb-e955-4812-9623-a0af30bc7601",
   "metadata": {},
   "outputs": [],
   "source": [
    "df['Age'].fillna(df['Age'].median(), inplace=True)"
   ]
  },
  {
   "cell_type": "markdown",
   "id": "f82d0777-954b-4e2d-8e51-7c26f673d924",
   "metadata": {},
   "source": [
    "### Transformación de la variable Age  \n",
    "La variable Age tiene una baja correlación, por lo que divido en 4 grupos para ver si aumenta la correlación con Survived.  \n",
    "Tranformación en 4 grupos de edad:\n",
    "* **Niños**: de 0 a 16\n",
    "* **Jóvenes**: de 16 a 26\n",
    "* **Adultos**: de 26 a 55\n",
    "* **Mayores**: de 55 en adelante"
   ]
  },
  {
   "cell_type": "code",
   "execution_count": 449,
   "id": "3c30b1a0-7243-4a45-8dc4-cda9bf8eaafc",
   "metadata": {},
   "outputs": [],
   "source": [
    "df['Niño'] = (df['Age'] <= 16).astype(int)\n",
    "df['Jóven'] = ((df['Age'] > 16) & (df['Age'] <= 26)).astype(int)\n",
    "df['Adulto'] = ((df['Age'] > 26) & (df['Age'] <= 55)).astype(int)\n",
    "df['Mayor'] = (df['Age'] > 55).astype(int)"
   ]
  },
  {
   "cell_type": "code",
   "execution_count": 450,
   "id": "3d1ae946-08e6-45e1-a737-57f5bc74ce08",
   "metadata": {},
   "outputs": [],
   "source": [
    "df.drop(['Age', 'Age_isnull'], axis=1, inplace=True)"
   ]
  },
  {
   "cell_type": "code",
   "execution_count": 451,
   "id": "07c2aea6-261b-4b45-9357-7d98cbc70b57",
   "metadata": {},
   "outputs": [
    {
     "data": {
      "text/html": [
       "<div>\n",
       "<style scoped>\n",
       "    .dataframe tbody tr th:only-of-type {\n",
       "        vertical-align: middle;\n",
       "    }\n",
       "\n",
       "    .dataframe tbody tr th {\n",
       "        vertical-align: top;\n",
       "    }\n",
       "\n",
       "    .dataframe thead th {\n",
       "        text-align: right;\n",
       "    }\n",
       "</style>\n",
       "<table border=\"1\" class=\"dataframe\">\n",
       "  <thead>\n",
       "    <tr style=\"text-align: right;\">\n",
       "      <th></th>\n",
       "      <th>Survived</th>\n",
       "      <th>Pclass</th>\n",
       "      <th>Sex</th>\n",
       "      <th>SibSp</th>\n",
       "      <th>Parch</th>\n",
       "      <th>Fare</th>\n",
       "      <th>Embarked_C</th>\n",
       "      <th>Embarked_Q</th>\n",
       "      <th>Embarked_S</th>\n",
       "      <th>Niño</th>\n",
       "      <th>Jóven</th>\n",
       "      <th>Adulto</th>\n",
       "      <th>Mayor</th>\n",
       "    </tr>\n",
       "  </thead>\n",
       "  <tbody>\n",
       "    <tr>\n",
       "      <th>Survived</th>\n",
       "      <td>1.000000</td>\n",
       "      <td>-0.338481</td>\n",
       "      <td>-0.543351</td>\n",
       "      <td>-0.035322</td>\n",
       "      <td>0.081629</td>\n",
       "      <td>0.257307</td>\n",
       "      <td>0.168240</td>\n",
       "      <td>0.003650</td>\n",
       "      <td>-0.155660</td>\n",
       "      <td>0.121485</td>\n",
       "      <td>-0.048566</td>\n",
       "      <td>-0.019771</td>\n",
       "      <td>-0.037375</td>\n",
       "    </tr>\n",
       "    <tr>\n",
       "      <th>Pclass</th>\n",
       "      <td>-0.338481</td>\n",
       "      <td>1.000000</td>\n",
       "      <td>0.131900</td>\n",
       "      <td>0.083081</td>\n",
       "      <td>0.018443</td>\n",
       "      <td>-0.549500</td>\n",
       "      <td>-0.243292</td>\n",
       "      <td>0.221009</td>\n",
       "      <td>0.081720</td>\n",
       "      <td>0.128232</td>\n",
       "      <td>0.110456</td>\n",
       "      <td>-0.093647</td>\n",
       "      <td>-0.203322</td>\n",
       "    </tr>\n",
       "    <tr>\n",
       "      <th>Sex</th>\n",
       "      <td>-0.543351</td>\n",
       "      <td>0.131900</td>\n",
       "      <td>1.000000</td>\n",
       "      <td>-0.114631</td>\n",
       "      <td>-0.245489</td>\n",
       "      <td>-0.182333</td>\n",
       "      <td>-0.082853</td>\n",
       "      <td>-0.074115</td>\n",
       "      <td>0.125722</td>\n",
       "      <td>-0.102403</td>\n",
       "      <td>-0.004483</td>\n",
       "      <td>0.045426</td>\n",
       "      <td>0.057823</td>\n",
       "    </tr>\n",
       "    <tr>\n",
       "      <th>SibSp</th>\n",
       "      <td>-0.035322</td>\n",
       "      <td>0.083081</td>\n",
       "      <td>-0.114631</td>\n",
       "      <td>1.000000</td>\n",
       "      <td>0.414838</td>\n",
       "      <td>0.159651</td>\n",
       "      <td>-0.059528</td>\n",
       "      <td>-0.026354</td>\n",
       "      <td>0.070941</td>\n",
       "      <td>0.337773</td>\n",
       "      <td>-0.084055</td>\n",
       "      <td>-0.112613</td>\n",
       "      <td>-0.073376</td>\n",
       "    </tr>\n",
       "    <tr>\n",
       "      <th>Parch</th>\n",
       "      <td>0.081629</td>\n",
       "      <td>0.018443</td>\n",
       "      <td>-0.245489</td>\n",
       "      <td>0.414838</td>\n",
       "      <td>1.000000</td>\n",
       "      <td>0.216225</td>\n",
       "      <td>-0.011069</td>\n",
       "      <td>-0.081228</td>\n",
       "      <td>0.063036</td>\n",
       "      <td>0.334728</td>\n",
       "      <td>-0.069791</td>\n",
       "      <td>-0.144881</td>\n",
       "      <td>-0.021958</td>\n",
       "    </tr>\n",
       "    <tr>\n",
       "      <th>Fare</th>\n",
       "      <td>0.257307</td>\n",
       "      <td>-0.549500</td>\n",
       "      <td>-0.182333</td>\n",
       "      <td>0.159651</td>\n",
       "      <td>0.216225</td>\n",
       "      <td>1.000000</td>\n",
       "      <td>0.269335</td>\n",
       "      <td>-0.117216</td>\n",
       "      <td>-0.166603</td>\n",
       "      <td>-0.004405</td>\n",
       "      <td>-0.033226</td>\n",
       "      <td>0.007166</td>\n",
       "      <td>0.058829</td>\n",
       "    </tr>\n",
       "    <tr>\n",
       "      <th>Embarked_C</th>\n",
       "      <td>0.168240</td>\n",
       "      <td>-0.243292</td>\n",
       "      <td>-0.082853</td>\n",
       "      <td>-0.059528</td>\n",
       "      <td>-0.011069</td>\n",
       "      <td>0.269335</td>\n",
       "      <td>1.000000</td>\n",
       "      <td>-0.148258</td>\n",
       "      <td>-0.778359</td>\n",
       "      <td>0.001316</td>\n",
       "      <td>-0.021945</td>\n",
       "      <td>-0.001812</td>\n",
       "      <td>0.047915</td>\n",
       "    </tr>\n",
       "    <tr>\n",
       "      <th>Embarked_Q</th>\n",
       "      <td>0.003650</td>\n",
       "      <td>0.221009</td>\n",
       "      <td>-0.074115</td>\n",
       "      <td>-0.026354</td>\n",
       "      <td>-0.081228</td>\n",
       "      <td>-0.117216</td>\n",
       "      <td>-0.148258</td>\n",
       "      <td>1.000000</td>\n",
       "      <td>-0.496624</td>\n",
       "      <td>-0.020778</td>\n",
       "      <td>-0.110638</td>\n",
       "      <td>0.114212</td>\n",
       "      <td>-0.008811</td>\n",
       "    </tr>\n",
       "    <tr>\n",
       "      <th>Embarked_S</th>\n",
       "      <td>-0.155660</td>\n",
       "      <td>0.081720</td>\n",
       "      <td>0.125722</td>\n",
       "      <td>0.070941</td>\n",
       "      <td>0.063036</td>\n",
       "      <td>-0.166603</td>\n",
       "      <td>-0.778359</td>\n",
       "      <td>-0.496624</td>\n",
       "      <td>1.000000</td>\n",
       "      <td>0.013676</td>\n",
       "      <td>0.091489</td>\n",
       "      <td>-0.069117</td>\n",
       "      <td>-0.047361</td>\n",
       "    </tr>\n",
       "    <tr>\n",
       "      <th>Niño</th>\n",
       "      <td>0.121485</td>\n",
       "      <td>0.128232</td>\n",
       "      <td>-0.102403</td>\n",
       "      <td>0.337773</td>\n",
       "      <td>0.334728</td>\n",
       "      <td>-0.004405</td>\n",
       "      <td>0.001316</td>\n",
       "      <td>-0.020778</td>\n",
       "      <td>0.013676</td>\n",
       "      <td>1.000000</td>\n",
       "      <td>-0.202978</td>\n",
       "      <td>-0.432833</td>\n",
       "      <td>-0.077086</td>\n",
       "    </tr>\n",
       "    <tr>\n",
       "      <th>Jóven</th>\n",
       "      <td>-0.048566</td>\n",
       "      <td>0.110456</td>\n",
       "      <td>-0.004483</td>\n",
       "      <td>-0.084055</td>\n",
       "      <td>-0.069791</td>\n",
       "      <td>-0.033226</td>\n",
       "      <td>-0.021945</td>\n",
       "      <td>-0.110638</td>\n",
       "      <td>0.091489</td>\n",
       "      <td>-0.202978</td>\n",
       "      <td>1.000000</td>\n",
       "      <td>-0.694938</td>\n",
       "      <td>-0.123766</td>\n",
       "    </tr>\n",
       "    <tr>\n",
       "      <th>Adulto</th>\n",
       "      <td>-0.019771</td>\n",
       "      <td>-0.093647</td>\n",
       "      <td>0.045426</td>\n",
       "      <td>-0.112613</td>\n",
       "      <td>-0.144881</td>\n",
       "      <td>0.007166</td>\n",
       "      <td>-0.001812</td>\n",
       "      <td>0.114212</td>\n",
       "      <td>-0.069117</td>\n",
       "      <td>-0.432833</td>\n",
       "      <td>-0.694938</td>\n",
       "      <td>1.000000</td>\n",
       "      <td>-0.263921</td>\n",
       "    </tr>\n",
       "    <tr>\n",
       "      <th>Mayor</th>\n",
       "      <td>-0.037375</td>\n",
       "      <td>-0.203322</td>\n",
       "      <td>0.057823</td>\n",
       "      <td>-0.073376</td>\n",
       "      <td>-0.021958</td>\n",
       "      <td>0.058829</td>\n",
       "      <td>0.047915</td>\n",
       "      <td>-0.008811</td>\n",
       "      <td>-0.047361</td>\n",
       "      <td>-0.077086</td>\n",
       "      <td>-0.123766</td>\n",
       "      <td>-0.263921</td>\n",
       "      <td>1.000000</td>\n",
       "    </tr>\n",
       "  </tbody>\n",
       "</table>\n",
       "</div>"
      ],
      "text/plain": [
       "            Survived    Pclass       Sex     SibSp     Parch      Fare  \\\n",
       "Survived    1.000000 -0.338481 -0.543351 -0.035322  0.081629  0.257307   \n",
       "Pclass     -0.338481  1.000000  0.131900  0.083081  0.018443 -0.549500   \n",
       "Sex        -0.543351  0.131900  1.000000 -0.114631 -0.245489 -0.182333   \n",
       "SibSp      -0.035322  0.083081 -0.114631  1.000000  0.414838  0.159651   \n",
       "Parch       0.081629  0.018443 -0.245489  0.414838  1.000000  0.216225   \n",
       "Fare        0.257307 -0.549500 -0.182333  0.159651  0.216225  1.000000   \n",
       "Embarked_C  0.168240 -0.243292 -0.082853 -0.059528 -0.011069  0.269335   \n",
       "Embarked_Q  0.003650  0.221009 -0.074115 -0.026354 -0.081228 -0.117216   \n",
       "Embarked_S -0.155660  0.081720  0.125722  0.070941  0.063036 -0.166603   \n",
       "Niño        0.121485  0.128232 -0.102403  0.337773  0.334728 -0.004405   \n",
       "Jóven      -0.048566  0.110456 -0.004483 -0.084055 -0.069791 -0.033226   \n",
       "Adulto     -0.019771 -0.093647  0.045426 -0.112613 -0.144881  0.007166   \n",
       "Mayor      -0.037375 -0.203322  0.057823 -0.073376 -0.021958  0.058829   \n",
       "\n",
       "            Embarked_C  Embarked_Q  Embarked_S      Niño     Jóven    Adulto  \\\n",
       "Survived      0.168240    0.003650   -0.155660  0.121485 -0.048566 -0.019771   \n",
       "Pclass       -0.243292    0.221009    0.081720  0.128232  0.110456 -0.093647   \n",
       "Sex          -0.082853   -0.074115    0.125722 -0.102403 -0.004483  0.045426   \n",
       "SibSp        -0.059528   -0.026354    0.070941  0.337773 -0.084055 -0.112613   \n",
       "Parch        -0.011069   -0.081228    0.063036  0.334728 -0.069791 -0.144881   \n",
       "Fare          0.269335   -0.117216   -0.166603 -0.004405 -0.033226  0.007166   \n",
       "Embarked_C    1.000000   -0.148258   -0.778359  0.001316 -0.021945 -0.001812   \n",
       "Embarked_Q   -0.148258    1.000000   -0.496624 -0.020778 -0.110638  0.114212   \n",
       "Embarked_S   -0.778359   -0.496624    1.000000  0.013676  0.091489 -0.069117   \n",
       "Niño          0.001316   -0.020778    0.013676  1.000000 -0.202978 -0.432833   \n",
       "Jóven        -0.021945   -0.110638    0.091489 -0.202978  1.000000 -0.694938   \n",
       "Adulto       -0.001812    0.114212   -0.069117 -0.432833 -0.694938  1.000000   \n",
       "Mayor         0.047915   -0.008811   -0.047361 -0.077086 -0.123766 -0.263921   \n",
       "\n",
